1.759530644945920708e+00
3.722292695954065866e-01
1.406070570169582146e+00
1.878254773668046385e+00
7.811540259046602097e-01
1.792420550140205737e+00
5.712545066096942348e-01
1.133837962344772299e+00
1.655336159700894649e+00
1.974011884096675162e+00
4.838763519829082926e-01
9.870393243423688512e-01
1.280269395112832109e+00
1.081068901054880405e+00
1.233358926425423885e+00
1.818742488983843053e+00
1.306466150353852385e+00
1.544298304179463122e+00
2.656062224596074106e-01
1.021222793430364595e+00
6.539507944985979426e-01
1.822590041227139412e+00
3.689491729112296614e+00
3.452076378689534208e-01
3.818510482041046483e-01
2.729413139272110489e-01
2.434387101082962357e-01
1.986803979170855272e-01
2.007621177728765860e-01
-1.244247309386859568e+00
1.210809186808317062e-01
7.413399652821150987e-01
1.375791160369702060e-01
1.748854987315909271e-01
3.321705167576971540e-02
1.983933101884189643e-01
-8.895851498868254659e-01
3.003111229804744098e-01
3.308398985178721552e-01
3.688489785019126721e-01
1.903258111898943339e-01
2.318747496329419677e-01
2.240763119242815404e-01
-1.257042989717911174e+00
3.359917879557094422e-01
4.293593937776746250e-01
2.346488182669379530e-01
2.792886233143067609e-01
1.470480037389459149e-01
2.005227667246720358e-01
-1.219624202997500184e+00
4.440469355054860734e-01
2.534360395247667874e-01
3.025170249700137592e-01
2.174449192150001431e-01
2.464010548806235268e-01
1.500360528776891467e-01
-1.213452572940074026e+00
4.014240886635468963e-01
3.452076378689534208e-01
2.533682734678827653e-01
2.849796368007505576e-01
2.045076111631916604e-01
1.571394712245968717e-01
-1.247850724395694222e+00
4.052029643478154974e-01
3.601482173856005997e-01
2.346488182669379530e-01
2.774462545067297170e-01
1.771855387903694401e-01
1.703852316732568373e-01
-1.214971345473056852e+00
1.170085028465414484e-01
9.923371867107627642e-02
1.080047860696515594e+00
4.893047891090580859e-02
1.823183558243663197e-02
1.388470682927426703e+00
1.342860269135535800e+00
1.006357747091562560e+00
5.973612250348126373e+00
2.097154347075221192e+00
9.069969288289490839e-02
1.875250367205234456e-02
7.709640806516224187e-02
2.169348377620509971e-01
6.379940579516624188e-01
6.135665642942982750e-02
1.746048967056142431e-01
2.891693531465205913e-01
4.232946416648969978e-01
1.625903176509425549e-02
3.389267621094200322e+00
6.539072760381652749e+00
3.656963491370943675e+00
6.225313793563893583e+00
2.769628661870911390e+00
2.115661873163962259e+00
5.831613184670422001e+00
1.097460769211529685e+00
1.725580830635192076e+00
6.426475461593210703e+00
2.931226882761501340e+00
2.937847175857685178e-01
3.482607824809739257e-04
1.966099696221020210e+00
9.335542128460760924e-02
8.777411870743661026e-01
6.965694685538519337e-01
3.139561857390907207e+00
7.041252713646652950e+00
8.035948053561927651e+00
4.922819347710014171e+00
6.044593862414954444e+00
4.323766403723154461e+00
3.495137904759814784e+00
3.897931433686828484e+00
3.335957357292334891e+00
2.563406370259734057e+00
2.800103865419337090e+00
4.636468707437594539e+00
1.502488028274794329e-01
6.572880175924781243e-01
6.051474824743005021e-01
2.345746261183409231e+00
5.739968620641833219e-01
1.318540642943020202e+00
2.695168438710129788e+00
4.730163052021695291e-01
2.745354277940975640e-01
4.271322674012658083e-01
1.794489058194486952e-01
3.904816077216249348e-01
1.871948885638285431e-01
1.455553872953097364e-02
9.703471391371998322e-01
-3.917479701061117758e+00
5.832445161995120780e-02
1.477808236393822298e-02
4.781715535726914490e-02
6.283621713807678588e-02
2.920018674448005003e-02
5.466531304736939323e-02
1.679938026753035468e-02
4.185628676961564848e-02
5.611018267969505868e-02
7.002595178811256427e-02
1.601423362107625911e-02
3.395796727356970718e-02
4.075459301092491243e-02
3.649339766952315600e-02
4.423527399008678890e-02
5.644474297597187190e-02
4.452808629126678297e-02
5.451022970945830493e-02
9.887724054102322094e-03
2.363388558120597949e-02
