1.756822749696858921e+00
3.706376758633290747e-01
1.417072238924970584e+00
1.903227413916249944e+00
7.857997109778582789e-01
1.795616497516735022e+00
5.905851867847117243e-01
1.128498579804993129e+00
1.645574140823546916e+00
1.992874109263657934e+00
4.795525139943191961e-01
9.800009966280750495e-01
1.282419480756772812e+00
1.073501320532199488e+00
1.235237446638871806e+00
1.799470126073451581e+00
1.300965068185970797e+00
1.542888228161387376e+00
2.606846834875338192e-01
1.014226865770808672e+00
6.443449661976977660e-01
1.815357862564993097e+00
3.685963801790781869e+00
3.457106788698939281e-01
3.810969553013061617e-01
2.731923658290580370e-01
2.438356892514995100e-01
1.987422553694736804e-01
2.015597229375387933e-01
-1.244482127966726637e+00
1.208095942063700801e-01
7.401425178144319661e-01
1.390478879791210154e-01
1.737557929008074209e-01
3.288905868476190569e-02
2.005969802170740890e-01
-8.931394639805426694e-01
3.001504908394335702e-01
3.297005132635091873e-01
3.701489958973195882e-01
1.900157799446722806e-01
2.319050545655337858e-01
2.245027656430346741e-01
-1.255618582960688734e+00
3.353547165424101140e-01
4.300729199542844827e-01
2.345723635036264243e-01
2.802308855041491520e-01
1.468508213877677271e-01
1.995515173663840458e-01
-1.218960700463233460e+00
4.454947427869851984e-01
2.525169842035746015e-01
3.019882730097099843e-01
2.171406740529455981e-01
2.476331744266576651e-01
1.494766041560776360e-01
-1.214466323106598633e+00
4.018151919341365619e-01
3.457106788698939281e-01
2.524741291963504830e-01
2.853326246201360328e-01
2.045828280984221537e-01
1.572453200008002705e-01
-1.248541459727885439e+00
4.045127319237626917e-01
3.609149045729578842e-01
2.345723635036264243e-01
2.785180140525666537e-01
1.766513296681030409e-01
1.697510090860661625e-01
-1.213816379582195015e+00
1.170652415039672850e-01
9.927672244486607234e-02
1.310701537087652246e+00
4.953535658239803519e-02
1.959018174924132688e-02
1.446754222288500591e+00
1.353438459139214567e+00
1.006375047755090790e+00
5.970767356159316641e+00
2.100596591708816518e+00
9.281929471953224986e-02
1.847914555753035412e-02
7.810242014517548848e-02
2.154626845838247262e-01
6.363138049598857648e-01
6.267960068435127208e-02
1.726314065981154888e-01
2.899060559393102920e-01
4.225216588636812043e-01
1.798729114642105137e-02
3.361728709947762628e+00
6.541052515405809231e+00
3.659579247213889719e+00
6.236757304453266038e+00
2.768578637775731988e+00
2.056018021278029906e+00
5.754150649966828013e+00
1.095620213776748564e+00
1.726790739249162376e+00
6.423173841834718623e+00
2.930124661561842370e+00
2.934264073218689761e-01
3.632709333421908706e-04
1.954344633988230662e+00
9.423135059720343099e-02
8.754164244306641418e-01
6.969427603275313299e-01
3.153850306463197750e+00
7.043454362407142177e+00
8.047647219241586214e+00
4.908910875537739749e+00
6.055522216417871029e+00
4.311556996908103123e+00
3.488065811503932689e+00
3.879110478963561093e+00
3.323892695714458334e+00
2.558581999734270696e+00
2.791671916598906122e+00
4.649734677424709695e+00
1.336472257196497093e-01
6.511818296430300634e-01
5.983526065146163031e-01
2.322741391625359864e+00
5.759056857630091564e-01
1.314901092968816299e+00
2.642622095244431701e+00
4.709163114039874309e-01
2.690730828877426206e-01
4.247108723817625275e-01
1.842679250354507248e-01
3.898377136143869048e-01
1.903820941420877044e-01
1.472574056261222175e-02
9.783253293023469466e-01
-3.910306094380567643e+00
5.782996166002027372e-02
1.476433605517063485e-02
4.822514658737937776e-02
6.317389987405384877e-02
2.908198389566300779e-02
5.431297052814269138e-02
1.707689571850613125e-02
4.139408628258740841e-02
5.568596249356408401e-02
7.031036903574382213e-02
1.596386978956580369e-02
3.366653655133445416e-02
4.059606957245577574e-02
3.632834889017688002e-02
4.389342723784481204e-02
5.580365987233382868e-02
4.438556462400278929e-02
5.408204203230290025e-02
9.698454053979486261e-03
2.337764094226355352e-02
