1.770429817765351910e+00
3.821790682790446869e-01
1.397884595951089715e+00
1.870431502004244351e+00
7.846532152120456738e-01
1.841075218108936484e+00
5.731633374877892484e-01
1.126098965877319946e+00
1.617660929026172978e+00
1.964462559369420935e+00
4.866187219995284363e-01
9.867197763330750604e-01
1.297891332906659478e+00
1.087302522989860964e+00
1.206268737157678350e+00
1.824089668878633663e+00
1.318590628894802386e+00
1.531823693872738978e+00
2.641981338633071497e-01
1.023133021187725200e+00
6.453245528345740167e-01
1.823684019941385959e+00
3.682562050163586065e+00
3.420743086200066507e-01
3.853592481558403282e-01
2.725664432244228053e-01
2.433486037660919366e-01
1.975767170816953022e-01
2.024303567219415401e-01
-1.238095197392401037e+00
1.184400579379125129e-01
7.446565836895231438e-01
1.369033583724682812e-01
1.713989288241751230e-01
3.219254219016358387e-02
1.978354161755731255e-01
-8.860752130565734408e-01
2.995786034292088340e-01
3.346232357598188378e-01
3.657981608112346739e-01
1.920675716645159070e-01
2.307265806583505552e-01
2.238006534848146767e-01
-1.252029621551284500e+00
3.388062114730934771e-01
4.290975848015564642e-01
2.320962037256789623e-01
2.817505979049185205e-01
1.466487014519402832e-01
1.973820190657298024e-01
-1.215668855896326228e+00
4.415292889144094013e-01
2.534277629940271948e-01
3.050429480918169789e-01
2.165328258161621777e-01
2.455849361674793674e-01
1.516131640113241585e-01
-1.210887376629265377e+00
4.031535689023889590e-01
3.420743086200066507e-01
2.547721224779839200e-01
2.836780408934300168e-01
2.061565668475955904e-01
1.572472799543205291e-01
-1.243819506854716650e+00
4.091508067505206236e-01
3.587529895241432509e-01
2.320962037256789623e-01
2.791056691482313723e-01
1.764284030048272889e-01
1.676023175128527887e-01
-1.208994497591253214e+00
1.165365246183202447e-01
9.926204830509065269e-02
1.949621311294608805e+00
5.157425378830790552e-02
1.975461549124730640e-02
1.550713368739596865e+00
1.348331480670601712e+00
1.006291456487686586e+00
5.963574881261099137e+00
2.095526585336810133e+00
8.968572102266986201e-02
1.912453262370734583e-02
7.625391585542493078e-02
2.141425539798565147e-01
6.290884899114090878e-01
6.209788796442887449e-02
1.774574248468287485e-01
2.870520526059979205e-01
4.212221318614516874e-01
1.839656714684652708e-02
3.354191193114662628e+00
6.520596587983679804e+00
3.639441387307844167e+00
6.245991511435981636e+00
2.756089695405541384e+00
2.074715356890338480e+00
5.691573941960995420e+00
1.088656733587104908e+00
1.728542284754490233e+00
6.444316638342921344e+00
2.909104995452651110e+00
2.939384242260708602e-01
3.728904907872108011e-04
1.946380823255870807e+00
9.582864553513938122e-02
8.790877320038952281e-01
7.026717923670006138e-01
3.171301495604196052e+00
7.063736114208165162e+00
8.055793672735587663e+00
4.880507179657711525e+00
6.074586453329840374e+00
4.313586163385741301e+00
3.451846570299610395e+00
3.856081814262823038e+00
3.315757496885738842e+00
2.568902683329437941e+00
2.788503480984980243e+00
4.642589798733471440e+00
1.179002911206909754e-01
6.515395739717828594e-01
5.999035796813294574e-01
2.322169636541649318e+00
5.810885235960275841e-01
1.299399930946236958e+00
2.636650453060246146e+00
4.684822913763815322e-01
2.649254538258238312e-01
4.258918240919574161e-01
1.812313837247423176e-01
3.882621416016180937e-01
1.927108735228436343e-01
1.454230364071236285e-02
9.766494189374552715e-01
-3.910669543907900891e+00
5.773275186261558889e-02
1.514194170948313448e-02
4.754760253547397897e-02
6.211550262642199366e-02
2.910860269597134037e-02
5.518125085450246992e-02
1.666867404825751395e-02
4.124947243693549009e-02
5.525850738786615424e-02
6.967615008748144489e-02
1.598298373817922183e-02
3.379058074538492107e-02
4.075296227899361662e-02
3.651440668226763747e-02
4.333930280435600163e-02
5.605987667408360992e-02
4.444391583561049797e-02
5.381166147194724192e-02
9.682597254888075308e-03
2.330982168863846016e-02
