1.545461255879785556e+00
7.691681376226444655e-01
1.271453006244951611e+00
1.538153233012792720e+00
9.119890368515007895e-01
1.504444540125506435e+00
1.019670526065316274e+00
1.096425243528251547e+00
1.511869324228113154e+00
1.433334631868902420e+00
7.360999139474948549e-01
1.080308649137655896e+00
1.388532045402341986e+00
1.211608803002649060e+00
1.228935717279133755e+00
1.509877576972384450e+00
1.183936005612303166e+00
1.326416590277460728e+00
5.266168364028506188e-01
2.556873681130363618e+00
8.599155281815109575e-01
1.920087252692050050e+00
3.324609577355221446e-01
1.107634232505283062e-01
1.272093658665368332e-01
9.247475227599775971e-02
9.913271589805104644e-02
1.005314155523307773e-01
9.959177360421979375e-02
1.270894333268616505e-01
7.604142880722426778e-02
1.076116152707009832e-01
8.130386729375561894e-02
1.046726433639030424e-01
4.118726314486591267e-02
1.093419365822958372e-01
2.449143207687175250e-01
9.551118539086866921e-02
1.260933052256906217e-01
1.120067427205477389e-01
9.809049145837442363e-02
1.081351382946505318e-01
9.830507118357638408e-02
1.108333658990755533e-01
1.115915027634817175e-01
1.110608297867778371e-01
9.873731200951436915e-02
1.113608055825746068e-01
8.628667654445527913e-02
9.926453219861584854e-02
1.326541428062089911e-01
1.275871081290247955e-01
9.832006693819801690e-02
1.103944184438663961e-01
9.986215401918395462e-02
1.019201276655861410e-01
9.153310974997580507e-02
1.309965735204262627e-01
1.041400395951021796e-01
1.107634232505283062e-01
1.065101296972868344e-01
1.110359424651299887e-01
1.019808787227402536e-01
8.575894324708739636e-02
1.115145163087661179e-01
1.231347271825457279e-01
1.112526438226637965e-01
9.873731200951436915e-02
1.108473941073825769e-01
9.490781377723496448e-02
9.467911142339663355e-02
1.343449261919745785e-01
6.056083297982254449e-02
5.840398833669308010e-02
7.240716512543706074e+00
1.187278737870179623e-01
6.065115336655418216e-02
1.801199880912022655e+00
6.603652597026851145e-01
2.561374579639869031e-02
7.950464674422602629e-01
1.590316907142539093e-01
3.672860211460252655e-01
1.352914314217635583e-01
3.027143954135110837e-01
5.137290228101165646e-01
9.267751577773852834e-01
2.691737438416049177e-01
1.951187120264119834e-01
3.583859646598941961e-01
3.973782307833810257e-01
1.772426590757644471e-01
1.941494294757952099e+00
4.920624014531191470e+00
2.876134643509862698e+00
8.958050203660462785e+00
2.983204425120667302e+00
2.492622045703176692e+00
4.444551457935322247e+00
1.647884274311839148e+00
2.439899156947818337e+00
4.781119638283526818e+00
3.379917558771466712e+00
4.324181935232846996e-01
1.902718826158646343e-03
2.582870045222186661e+00
1.184428117783439816e-01
1.244536360607242598e+00
7.779956968281787066e-01
2.806813843419740273e+00
2.748172205850740735e+00
1.857261006579641993e+00
2.168147088771614328e+00
2.628319604563747802e+00
1.387041484687680182e+00
2.665508995187757080e+00
2.666566305608227161e+00
2.326405295589168531e+00
1.267115687796761314e+00
1.001360342506351975e+00
1.945616365676366089e+00
1.078340340536421360e+00
3.793791851514881630e-01
3.876062912275491934e-01
3.762716601532497762e+00
1.233870202184555565e+00
4.430625981372177336e+00
1.220431038949805824e+01
2.205910762749661302e-01
4.404893298533121282e-01
1.709801345953947671e-01
1.100057699506657993e-01
9.758369287629310718e-02
2.500391966128480137e-01
2.671416480051187065e-02
4.921720108138794014e-01
1.605980534560478290e+00
5.496539814453890033e-02
3.099093783308378910e-02
4.175146502852856989e-02
5.153133247489013330e-02
3.319550606874722282e-02
4.920842547491548202e-02
2.324852456928122590e-02
3.570528854707833571e-02
4.872826173944005274e-02
5.196190158418526744e-02
2.134347857501774082e-02
3.229125462400760788e-02
4.518027491930276529e-02
3.581686422742692832e-02
4.229514779419652620e-02
4.259559357653730505e-02
3.640785356666710604e-02
4.222144694811291038e-02
2.144837571375489763e-02
3.116807431369684675e-02
