1.582370493723777916e+00
8.013244383278047556e-01
1.264584631483425259e+00
1.509317071542940036e+00
9.105640138677201234e-01
1.568504999054581628e+00
1.002444871156084938e+00
1.096966921758285141e+00
1.489837803205302791e+00
1.427082722142152038e+00
7.319983249461318175e-01
1.077378411069589426e+00
1.385465093155644922e+00
1.238018791202404101e+00
1.209389855039167516e+00
1.550239955839361139e+00
1.205831400928288888e+00
1.326263468975311222e+00
5.336419575843607266e-01
2.565353966628288518e+00
8.656661952886721689e-01
1.932877769963880610e+00
3.363608620683501971e-01
1.100603655557536031e-01
1.301936525334328465e-01
9.227638487322732674e-02
9.847565153965388840e-02
1.012871766930868583e-01
9.889316548217637337e-02
1.333405577801838604e-01
7.511533425111090179e-02
1.073371682529845189e-01
8.091148100304874913e-02
1.038354639164732612e-01
4.048514506609805080e-02
1.090783518123338985e-01
2.543444287679450522e-01
9.439221792617009943e-02
1.291011705370495311e-01
1.116116864153225835e-01
9.717517793668821457e-02
1.082227540993093567e-01
9.701031138119500796e-02
1.158236959925399434e-01
1.142526867454828343e-01
1.115821301796047910e-01
9.872823762861764052e-02
1.115328062133357917e-01
8.601531880705065580e-02
9.975814228047487353e-02
1.316367395496480519e-01
1.296385353181075395e-01
9.771031978954861086e-02
1.134282249433212209e-01
9.988647238517313343e-02
1.018491771134131252e-01
9.277447001403724136e-02
1.355146043980695048e-01
1.057779612693025562e-01
1.100603655557536031e-01
1.087517767561909238e-01
1.127046025685183167e-01
1.015280504874608580e-01
8.603218951785615576e-02
1.176744642139108121e-01
1.259324091155987202e-01
1.124712133364174360e-01
9.872823762861764052e-02
1.111034836738708370e-01
9.420735760000348291e-02
9.438734749216631803e-02
1.368270574113373550e-01
6.045064772853652596e-02
5.871956455568190514e-02
2.185594636146304737e+01
1.240097122017184555e-01
6.165334163097371811e-02
4.005478439110357058e+00
6.597071322848083730e-01
2.542756158846468106e-02
7.902989703227042417e-01
1.565700641085582823e-01
3.616233412814837678e-01
1.373311297891164073e-01
2.992861673889352647e-01
5.135313974834764261e-01
9.274477615340255277e-01
2.683318319283234388e-01
1.992591736082124643e-01
3.561194395968528270e-01
3.975197450433700652e-01
1.757317196412485905e-01
1.934558708765426793e+00
4.915007771813320048e+00
2.875108560134485458e+00
9.016725485513633842e+00
2.977946387457516941e+00
2.602731976491079902e+00
4.411162763546008669e+00
1.647696297757259565e+00
2.450902703557971130e+00
4.944148919091543526e+00
3.372121450125868947e+00
4.267202180454963134e-01
1.930793924511187750e-03
2.567852604099685632e+00
1.204921276479287012e-01
1.245081551605532688e+00
7.784545878167052901e-01
2.806160512837903909e+00
2.738124952084274533e+00
1.837187518728458979e+00
2.165000111837679597e+00
2.627759918763810543e+00
1.387772664935686961e+00
2.655419327979391397e+00
2.673017083423704587e+00
2.342214758186754953e+00
1.261716437826842174e+00
9.951240210771126193e-01
1.925565416218927739e+00
1.050782030895623942e+00
3.804746278027740236e-01
3.877550589450263763e-01
3.806615379468540450e+00
1.220983148630241155e+00
4.523965028087729934e+00
1.219306020109553579e+01
2.206125696243916301e-01
4.452899556439617323e-01
1.714520787765868304e-01
1.073941547397491425e-01
9.987419431429443717e-02
2.542798823552374077e-01
2.679155716607933488e-02
4.866643984295608849e-01
1.579019263754586122e+00
5.512417354462029878e-02
3.196670538699457331e-02
4.140337647893062994e-02
5.032069765158365265e-02
3.323691163269920645e-02
5.034675674813949425e-02
2.259698563708690752e-02
3.581327415546773502e-02
4.827679381012459775e-02
5.199285002402795342e-02
2.124244838103334435e-02
3.236834716561648451e-02
4.512918463833882898e-02
3.602496512518373745e-02
4.185720332091508178e-02
4.372597640807688452e-02
3.671828257945654317e-02
4.252832211161185899e-02
2.169350005919353647e-02
3.110561387115006599e-02
