1.571331208858602668e+00
7.720124034651789646e-01
1.261280946256672086e+00
1.518393372642653061e+00
9.140258897553078521e-01
1.521158007114763011e+00
9.969156501806557547e-01
1.092505939750113786e+00
1.507990644944297021e+00
1.435226810225535221e+00
7.378673259451323796e-01
1.063366708209970923e+00
1.337773659107374113e+00
1.189017601870631990e+00
1.225902937519133928e+00
1.554527373403429946e+00
1.197083266919969358e+00
1.298974233971243786e+00
5.324452534863399755e-01
2.552026757228499587e+00
8.671218507572455714e-01
1.892454799213040717e+00
3.256999022933844690e-01
1.102995395230970399e-01
1.292524471427456689e-01
9.132415678343226706e-02
9.723407437312060753e-02
1.004779082346347885e-01
9.574245971745556916e-02
1.325890846951144064e-01
7.541274056219743338e-02
1.071874549546761174e-01
8.026209713824650205e-02
1.044972059295869449e-01
4.151802580435352830e-02
1.073932696038099599e-01
2.484969192206185340e-01
9.325428679970869383e-02
1.272042834451844184e-01
1.114156813432063131e-01
9.450963838519464699e-02
1.070282694931626033e-01
9.568188534122863687e-02
1.119263545510741781e-01
1.137775484360964984e-01
1.105494300511201400e-01
9.741090119380431400e-02
1.096775709060020670e-01
8.503764374458702702e-02
9.894426491189857453e-02
1.242983787229113707e-01
1.285234879655209606e-01
9.693329441534662139e-02
1.114984157402095499e-01
9.831831164220627972e-02
1.006086286788316492e-01
8.915019759953084211e-02
1.303768690945275310e-01
1.043281499835819748e-01
1.102995395230970399e-01
1.093763689518628401e-01
1.115081060677565600e-01
1.017357865318338772e-01
8.546833435701430004e-02
1.179810974984104449e-01
1.243294513437523674e-01
1.117439420448417126e-01
9.741090119380431400e-02
1.083534514432836354e-01
9.305960051600654925e-02
9.423940890391298286e-02
1.295899589348832315e-01
6.054758046496223900e-02
5.853244456891262826e-02
2.065686099772558748e+01
1.173305940719483464e-01
4.763833819481884391e-02
3.706019741086074237e+00
6.419982603756996253e-01
2.544091608501116222e-02
7.899456934887004733e-01
1.539024095123385505e-01
3.584984912046982330e-01
1.361463639581294571e-01
3.041358471321075063e-01
5.179365581763588633e-01
9.232895568584483792e-01
2.664898322222520322e-01
1.980832374773276727e-01
3.565727629876737081e-01
3.977435056198719288e-01
1.755862265100130992e-01
1.924830383265003109e+00
4.828857938936094385e+00
2.821837703356163463e+00
8.772343833374423028e+00
2.972742369519835393e+00
2.578361808539024747e+00
4.427280672716578103e+00
1.631614620130671600e+00
2.394210423403729138e+00
4.818359723028440733e+00
3.401725440752014773e+00
4.344396723144938743e-01
1.854349641931546692e-03
2.583422599744516823e+00
1.144077292596370754e-01
1.253578165932272004e+00
7.732779028654961362e-01
2.800321966935530593e+00
2.755608959901027610e+00
1.856104108419934562e+00
2.155274542250878334e+00
2.621070888580458114e+00
1.378977744324225707e+00
2.661612253371663517e+00
2.629331819681395732e+00
2.315455386224581247e+00
1.256294799414485963e+00
9.865920826548252309e-01
1.918879668194031884e+00
1.067156920982764934e+00
3.789605513527599112e-01
3.876331740327084718e-01
3.794090386371555379e+00
1.242310787430401353e+00
4.646676874004826097e+00
1.235308936315336403e+01
2.236273179315683146e-01
4.447469606962178856e-01
1.736975116278781650e-01
1.067262656369025314e-01
9.807914858202150532e-02
2.517779958875372426e-01
2.636454997607790007e-02
4.949447659904940844e-01
1.579862110607046510e+00
5.559560157365156519e-02
3.059781772630461652e-02
4.148736593905889142e-02
5.132145706089093901e-02
3.323847542726875159e-02
5.072240510795593404e-02
2.253203236110708912e-02
3.598881883326748854e-02
4.896002334346767626e-02
5.241305050633049412e-02
2.146713684725774784e-02
3.240371458249222819e-02
4.502972813334493035e-02
3.512344116856077475e-02
4.243733953139037368e-02
4.407354895284326668e-02
3.679417657614030002e-02
4.274986805786579885e-02
2.153129624120292060e-02
3.127409010552060359e-02
