1.599530196068918109e+00
7.870577263197321427e-01
1.266850721348874442e+00
1.514880114728372806e+00
9.001453599948008311e-01
1.580115133800074734e+00
9.947216112052490455e-01
1.094426076926663161e+00
1.487157551654997967e+00
1.445046923433143782e+00
7.269728293808261910e-01
1.067018848079526183e+00
1.385396976020320192e+00
1.237842073861024517e+00
1.222767508685399518e+00
1.548983912456459500e+00
1.184625888454877041e+00
1.332122203200080124e+00
5.288909112910522570e-01
2.557889425337809719e+00
8.785501941335934761e-01
1.927106186050961067e+00
3.378421793534022166e-01
1.096834615032255544e-01
1.291957439197145285e-01
9.321736466118725473e-02
9.843182877724053481e-02
9.978378402749732423e-02
9.831332641983274445e-02
1.285497346333990265e-01
7.525115436948354164e-02
1.062008472264481945e-01
8.021364775126882396e-02
1.044510772610136307e-01
4.071759274863626099e-02
1.086224493747475900e-01
2.460729644636917013e-01
9.540044867720148813e-02
1.275006644932001887e-01
1.106909085667929088e-01
9.648761435582373092e-02
1.065111341942363010e-01
9.702632506376515642e-02
1.114211610452041229e-01
1.128936147573781495e-01
1.112203803401684704e-01
9.793071625419680348e-02
1.125017376067969921e-01
8.588377966101409799e-02
9.895626644883952217e-02
1.306238612608627558e-01
1.293610156739848638e-01
9.812971980063608934e-02
1.136194401271834881e-01
1.001866959599756329e-01
1.016621172010223201e-01
9.262638661210055580e-02
1.253660617785349318e-01
1.057301160028022574e-01
1.096834615032255544e-01
1.085099863319571728e-01
1.105495606926120283e-01
1.013636315614599298e-01
8.580096231625990166e-02
1.151476660365742810e-01
1.249607638649417041e-01
1.125518901533624216e-01
9.793071625419680348e-02
1.117376332081940621e-01
9.435254839747103661e-02
9.450244714527969436e-02
1.347821204238623394e-01
6.047199712125719828e-02
5.845540402148678011e-02
2.172211919655412871e+01
1.244034945504220169e-01
5.965187243098594300e-02
3.995292697984996089e+00
6.612843069034618493e-01
2.546980578607564022e-02
7.910380074495407809e-01
1.592113728331368272e-01
3.630648263467848302e-01
1.375117392411201733e-01
3.067485917086602565e-01
5.158499393181065207e-01
9.343213267385516163e-01
2.701443750198657123e-01
1.986879975764002382e-01
3.577632195758076450e-01
3.981868962637473142e-01
1.756690574344730860e-01
1.937587611511924157e+00
4.922747097923872772e+00
2.883568067286307102e+00
8.691969187630050442e+00
2.974027205305472155e+00
2.610488763299693371e+00
4.386554948915037500e+00
1.584349760205340685e+00
2.378352848014587906e+00
4.925766131244073698e+00
3.403161873440676555e+00
4.339585975395636175e-01
1.923004998514594869e-03
2.551285455847998929e+00
1.201637862014425934e-01
1.244709946091744568e+00
7.762825726114888081e-01
2.806720758953116679e+00
2.763494345132534669e+00
1.834708333863223961e+00
2.182316568425518799e+00
2.634230313421593639e+00
1.386360760634739009e+00
2.665188478433068386e+00
2.647898839089401601e+00
2.325271278934276431e+00
1.267317240471194539e+00
9.915185420380381309e-01
1.931549598796997058e+00
1.063867256083643520e+00
3.811972405542806697e-01
3.885339435017902687e-01
3.793128637511188117e+00
1.253895078725143719e+00
4.410279464171529717e+00
1.216897705861225454e+01
2.223993771571837197e-01
4.483533927611797476e-01
1.722998298327684807e-01
1.083462272864193221e-01
9.932342868216458009e-02
2.560225446787387504e-01
2.607039044310349371e-02
4.810514523783545049e-01
1.561011870999254203e+00
5.628444165717547826e-02
3.134427438491028950e-02
4.186910531388737811e-02
5.094197262713968943e-02
3.273792787443209618e-02
5.085670369261514889e-02
2.266526693266877890e-02
3.612504468042894434e-02
4.867530889497519858e-02
5.261842129143848301e-02
2.146881595889231151e-02
3.184902519446093649e-02
4.425904305105431147e-02
3.562127181264355263e-02
4.205187408330592763e-02
4.342326703205133531e-02
3.583887516407249785e-02
4.272951293938900136e-02
2.159771083470716710e-02
3.170566325122428641e-02
