1.562815239940529954e+00
7.791055934529351745e-01
1.272877260299529301e+00
1.515349593027151887e+00
9.132039554911570711e-01
1.490623306214620358e+00
9.907505078583039859e-01
1.096708438967650689e+00
1.512280945413511546e+00
1.429191404569832180e+00
7.334139281820599710e-01
1.067322847945240127e+00
1.373793042979998491e+00
1.183776196774791289e+00
1.223977419954030532e+00
1.531914102308024939e+00
1.188586667578731104e+00
1.294816387593603402e+00
5.347206386554705926e-01
2.564492340478569776e+00
8.690751838826936693e-01
1.916316565873242839e+00
3.251227937302916815e-01
1.104069978942815305e-01
1.284241723314880901e-01
9.174482615881701664e-02
9.773161260446303067e-02
1.003781467107664055e-01
9.651197534545583046e-02
1.295411693457063362e-01
7.569101257660308668e-02
1.070247015740237173e-01
8.061347549094585729e-02
1.047178596334525785e-01
4.159739889635463012e-02
1.085617549021630351e-01
2.465051742361066556e-01
9.413149895297767689e-02
1.268002515139191044e-01
1.114086225793553403e-01
9.499991568031358746e-02
1.076752599829308155e-01
9.658943012283749407e-02
1.107016348666140099e-01
1.124590597722033847e-01
1.105628281236631649e-01
9.808089850134020515e-02
1.099486461297682904e-01
8.591125414994253695e-02
9.901905936642743655e-02
1.288505279203564224e-01
1.278003180153583773e-01
9.803485861771686627e-02
1.107281488039181805e-01
9.906122882801444984e-02
1.012970031428559736e-01
8.928305278854024862e-02
1.311149384819624564e-01
1.039364181691202899e-01
1.104069978942815305e-01
1.081868653012298953e-01
1.113907739113139672e-01
1.019178715726305334e-01
8.554821157989744851e-02
1.159449534876977467e-01
1.238749161790058118e-01
1.114462851169470553e-01
9.808089850134020515e-02
1.087155121135322949e-01
9.421714193784874736e-02
9.443741581040755728e-02
1.318101557900001053e-01
6.040370715174239735e-02
5.855241484967443899e-02
2.570456524818232058e+00
1.153167592448727657e-01
4.796373429872664157e-02
1.062472616953989535e+00
6.390490137146211946e-01
2.554841474713669125e-02
7.937632581574614044e-01
1.570209018853004901e-01
3.606842123374432996e-01
1.360797020397270518e-01
3.003839758833799500e-01
5.155885162801240318e-01
9.227591303092633757e-01
2.661668421719560196e-01
1.964341524524206017e-01
3.575593946832450465e-01
3.971237109639736973e-01
1.764540131501716180e-01
1.932510849745028514e+00
4.859131096437844022e+00
2.844857634946188707e+00
8.843769150604456897e+00
2.976428239940301701e+00
2.585142361488518947e+00
4.450237218940648276e+00
1.634304920318714327e+00
2.413599358262554340e+00
4.765456691603277228e+00
3.390728768832675488e+00
4.351528163945009853e-01
1.865430083389711105e-03
2.595804884521791145e+00
1.145415426077494442e-01
1.251365664818654411e+00
7.758217349682092756e-01
2.805373918354638008e+00
2.748070366262833630e+00
1.863254033432216072e+00
2.159707708172875051e+00
2.626117850571346501e+00
1.382909369033450409e+00
2.657745781351382508e+00
2.650127751370189522e+00
2.323085562383577329e+00
1.261500482243021359e+00
9.916419128344625689e-01
1.934122345831144285e+00
1.073190133699316151e+00
3.797915452257394353e-01
3.884587659602959375e-01
3.814925026338880087e+00
1.223580257497862256e+00
4.474848461796229415e+00
1.231267572250244946e+01
2.234676420607943914e-01
4.438882579178010102e-01
1.740338281392170838e-01
1.063663882372040126e-01
9.756927927287005475e-02
2.509123207096148334e-01
2.640761928143234294e-02
4.935194799134475230e-01
1.581841979146807242e+00
5.551261298163694125e-02
3.104638427331544298e-02
4.151449034826639600e-02
5.132820045862655778e-02
3.348230051836673798e-02
5.039296090941743078e-02
2.260891071988383252e-02
3.610835286635617758e-02
4.905456370782822206e-02
5.211920075057520363e-02
2.137250024219405908e-02
3.234774496577549202e-02
4.527393070145109555e-02
3.531986564395156458e-02
4.251063738878681914e-02
4.353250349469448000e-02
3.662154472164318858e-02
4.272732614057985628e-02
2.174816551425719571e-02
3.155666400699295299e-02
