1.577343504756097081e+00
7.581151519804539829e-01
1.259629320042391143e+00
1.532320938691146051e+00
9.050161427347779286e-01
1.524231321025136143e+00
1.022143742005224842e+00
1.094898786486979025e+00
1.509685751945377463e+00
1.444257317648103278e+00
7.220884031913032963e-01
1.071268144926554422e+00
1.392087014057583172e+00
1.215079735126751270e+00
1.223682153636151293e+00
1.522809638665606480e+00
1.190343387628706617e+00
1.330649663015626150e+00
5.279227638379814236e-01
2.544083307117891657e+00
8.574742221258579988e-01
1.908439609715716800e+00
3.342534421403903777e-01
1.104992667465514861e-01
1.290939000950453996e-01
9.290647695831225072e-02
9.946736854830902363e-02
1.009771340616998497e-01
9.917300617390881201e-02
1.299377833945359051e-01
7.573984864703529885e-02
1.073265593957419273e-01
8.099373686259310479e-02
1.041846903303265681e-01
4.094426083029349683e-02
1.089109313814613789e-01
2.459633219924520775e-01
9.572599138621346038e-02
1.274962312162151445e-01
1.115151860364099468e-01
9.743152152223483187e-02
1.078529160598635239e-01
9.835547231958462200e-02
1.122166071610808807e-01
1.129748994092050346e-01
1.112658791014646681e-01
9.854836094417582237e-02
1.115749542340355172e-01
8.578058844571531671e-02
1.000433468610209403e-01
1.313080498573941934e-01
1.281831695495038170e-01
9.758605061754380139e-02
1.113129782753866370e-01
9.946608048109580047e-02
1.017665140280017561e-01
9.140728727383004570e-02
1.318863061564037320e-01
1.040443461292748090e-01
1.104992667465514861e-01
1.074786021356522736e-01
1.114127361010762013e-01
1.011473778064430201e-01
8.598220097797090733e-02
1.130588476255926511e-01
1.246921707479012043e-01
1.118282811647259567e-01
9.854836094417582237e-02
1.113175463635656254e-01
9.418051757704953841e-02
9.530772426274866649e-02
1.355949055928444003e-01
6.053468592858829433e-02
5.861673089259748087e-02
2.171672443502449923e+01
1.216007582095221945e-01
6.044110296836160273e-02
3.983130420674327432e+00
6.621106090518938947e-01
2.551662823118520593e-02
7.929559309784193211e-01
1.601406211535547908e-01
3.692964433506824018e-01
1.357011080145348325e-01
3.053320272300987792e-01
5.186203041907506694e-01
9.290588397855726877e-01
2.736963870321173498e-01
1.958093573450631897e-01
3.575331445328991942e-01
3.977496940488751132e-01
1.767795060965513809e-01
1.939581914187551437e+00
4.886128468600450248e+00
2.854762412618114364e+00
8.807988122086374716e+00
2.983667728965195387e+00
2.499292369575483619e+00
4.415903515074592001e+00
1.632985797743383261e+00
2.401771656071967964e+00
4.752772257563223413e+00
3.384327047529244403e+00
4.298430097951200235e-01
1.888059323994079053e-03
2.582318591489686455e+00
1.176152441494184159e-01
1.244274343854335996e+00
7.765392769861462208e-01
2.813951315225858174e+00
2.757011876126875372e+00
1.859386964209947868e+00
2.175197874952365495e+00
2.622970981637679166e+00
1.385816798108523873e+00
2.673062780357417179e+00
2.668527043646839569e+00
2.329716916243163904e+00
1.257668064402605701e+00
1.000169800072033155e+00
1.936757126605440194e+00
1.077254159896192220e+00
3.809137554185813568e-01
3.889696413167375022e-01
3.729643346062947895e+00
1.223935118500884878e+00
4.680259943876276196e+00
1.216338160292007942e+01
2.198117395913765093e-01
4.449617920033074880e-01
1.691785493091765846e-01
1.091443219654599922e-01
9.912009489986489674e-02
2.545746193138176960e-01
2.663621755522890128e-02
4.875724048409131872e-01
1.593631573670089008e+00
5.529874815742910621e-02
3.029326364596154897e-02
4.134518463901984409e-02
5.128297200470949974e-02
3.294689686732916317e-02
4.903007525770205349e-02
2.296582904040274375e-02
3.557169585160724345e-02
4.870606274855652368e-02
5.238001119779152337e-02
2.108849379491161552e-02
3.185686384615954436e-02
4.502561243375381717e-02
3.578085751351364752e-02
4.242798631797062986e-02
4.287856344485264232e-02
3.651407932746209700e-02
4.230781315336976101e-02
2.146270201108421358e-02
3.082506975805936189e-02
