1.772464045065180072e+00
3.610199486536112556e-01
1.411709967680023992e+00
1.904959330004403428e+00
7.804900339816714938e-01
1.785142781179637650e+00
5.851826618699058624e-01
1.125848503227843356e+00
1.638639403783680448e+00
2.002351299030400877e+00
4.778288287539776968e-01
9.774591015212821254e-01
1.288669729725238744e+00
1.082021286318430642e+00
1.236600503493714642e+00
1.817138726642793634e+00
1.307264101562824576e+00
1.540217183592419437e+00
2.608197143545559760e-01
1.004312099635257916e+00
6.398607499231465656e-01
1.798697965253962305e+00
3.684950491042259024e+00
3.454465391039199251e-01
3.820098206200511215e-01
2.725436402762846377e-01
2.435523724857824313e-01
1.985852325128754925e-01
2.012881462958060752e-01
-1.241179831171481007e+00
1.204825563523430065e-01
7.406409159262125064e-01
1.388765277213492022e-01
1.733141684461852183e-01
3.279189757307266612e-02
2.004194119261268614e-01
-8.933207446060471568e-01
2.993102302280042371e-01
3.310246844856264969e-01
3.696650852866270598e-01
1.899304580464919456e-01
2.311302021453947031e-01
2.243817246738133708e-01
-1.252860199901765892e+00
3.362384200600234685e-01
4.302146079646379517e-01
2.335469719756526619e-01
2.814260670162814781e-01
1.466668882261860096e-01
1.987214915379547364e-01
-1.219378484367337867e+00
4.463423591090848741e-01
2.515248548094931036e-01
3.021327860817031863e-01
2.165810616573624336e-01
2.475926187490430919e-01
1.495203516148919387e-01
-1.212962714047019164e+00
4.013649166246076594e-01
3.454465391039199251e-01
2.531885442718519452e-01
2.849066542594470008e-01
2.047315115614016801e-01
1.572309507391748407e-01
-1.245373127892473120e+00
4.051705314933717883e-01
3.612824965313080061e-01
2.335469719756526619e-01
2.792445932586138380e-01
1.759369885095211639e-01
1.694513912546332102e-01
-1.214628461519109637e+00
1.169055094590221028e-01
9.958410072226693555e-02
1.945332012449044079e+00
5.027316150344373485e-02
1.959461262714053825e-02
1.562494980294875102e+00
1.359688745983139491e+00
1.006457601321879780e+00
5.970409667269167109e+00
2.102111713522364145e+00
9.234872340248756473e-02
1.859437183758588796e-02
7.873943784843676075e-02
2.210553427662243775e-01
6.382322884038584832e-01
6.419129437765351553e-02
1.728566799562414880e-01
2.879409575875991334e-01
4.249655494929860389e-01
1.821495138154573604e-02
3.363082038235391646e+00
6.519044979519308392e+00
3.629762298540380350e+00
6.172392592161783043e+00
2.757058181689934884e+00
2.049178471240233446e+00
5.737017410579697163e+00
1.083975591854388520e+00
1.708072099137001976e+00
6.390834448358201136e+00
2.933698601683432106e+00
2.912451083840594257e-01
3.570983474438968160e-04
1.950923570318686018e+00
9.363296471395510245e-02
8.724254937312335700e-01
6.951862345150503497e-01
3.161235304381135425e+00
7.040143011075195467e+00
8.051191626716729388e+00
4.908687669389059316e+00
6.040344489485719670e+00
4.306800656035050245e+00
3.491785661478986835e+00
3.876226805972873724e+00
3.311199467677452546e+00
2.548309882601272669e+00
2.791597005458734237e+00
4.660089636088692089e+00
1.335269910850036268e-01
2.309579674141896799e+00
5.754584202260049075e-01
1.354449696325191299e+00
2.611478800920575605e+00
