1.791126406219761602e+00
3.718983230540106044e-01
1.403224313613301133e+00
1.890001430410527927e+00
7.746850993293898924e-01
1.806271929455518510e+00
5.635985763208158916e-01
1.128004913880872095e+00
1.628648598618391619e+00
1.977803394280040816e+00
4.769661834122863597e-01
9.821955960184102219e-01
1.291946788728365103e+00
1.097192188275682101e+00
1.228924583708465468e+00
1.811236295405016516e+00
1.311215259956078016e+00
1.536934041246308169e+00
2.619418243624155318e-01
1.019790150361389092e+00
6.463941033429535521e-01
1.809987934066497717e+00
3.683533002632938924e+00
3.446713842167579700e-01
3.833614647404575138e-01
2.719671510430495820e-01
2.437813323013282574e-01
1.981761424353771506e-01
2.013392008213653328e-01
-1.239127095340713636e+00
1.197899820778916963e-01
7.422699773655538902e-01
1.379400405564600307e-01
1.730800104336974454e-01
3.304416602857002810e-02
1.989970297947501465e-01
-8.914972536121114066e-01
2.990163824077315957e-01
3.329642313226791606e-01
3.680193862698507568e-01
1.909544203893857872e-01
2.308689323249001613e-01
2.245869058538695895e-01
-1.252409737729768491e+00
3.376277062105516591e-01
4.302062315415217109e-01
2.321660622482459024e-01
2.821331628060675945e-01
1.466911238820908236e-01
1.982434558719736728e-01
-1.217434185128541513e+00
4.447176622044274330e-01
2.523701902447253453e-01
3.029121475511199479e-01
2.171063636441619704e-01
2.462726025900179028e-01
1.504081718513411436e-01
-1.211156043484327594e+00
4.024310247631109339e-01
3.446713842167579700e-01
2.528975910205189526e-01
2.852238592477164825e-01
2.044982204011732696e-01
1.567336154889501509e-01
-1.244077557700223657e+00
4.072573981674795229e-01
3.605765395846073362e-01
2.321660622482459024e-01
2.795220746002363144e-01
1.761437815007273477e-01
1.687907982533488616e-01
-1.211489589976818992e+00
1.165322723708578506e-01
9.964389229291067962e-02
1.972514119556124212e+00
5.102725085661766191e-02
1.958355181329842279e-02
1.562743134730479433e+00
1.347772065484832194e+00
1.006410182314239066e+00
5.966789906350093098e+00
2.095864141611535114e+00
9.064595656600503426e-02
1.872996373488602928e-02
7.681304534401373063e-02
2.170690046866980139e-01
6.345469385007614926e-01
6.346815653739681928e-02
1.751074911440465010e-01
2.859342564088999117e-01
4.248114923268528353e-01
1.814471079995832667e-02
3.366573539087876377e+00
6.509409957423555326e+00
3.623232951105423982e+00
6.156714094592206976e+00
2.752595611753040128e+00
2.082709327454672188e+00
5.716881481484482386e+00
1.080803792354888326e+00
1.702167708650821565e+00
6.415212290844085175e+00
2.926395028902821771e+00
2.920661017947208116e-01
3.591171842789470797e-04
1.947988001379828749e+00
9.442577431493245910e-02
8.764648665931622507e-01
6.977052849461673478e-01
3.163304837311923023e+00
7.047389072084208728e+00
8.054525022255528910e+00
4.898115078462256022e+00
6.048331557548843662e+00
4.319412329295051478e+00
3.470712493036745006e+00
3.873789523000885637e+00
3.317310837128341294e+00
2.552638207695632655e+00
2.796297013471168658e+00
4.651067000260857398e+00
1.215949099262060989e-01
2.315907006487723852e+00
5.763553139749409970e-01
1.337134071537388724e+00
2.554006899627235150e+00
