1.756286347502957756e+00
3.677242505540651019e-01
1.397827065038076411e+00
1.883854626651780606e+00
7.786905733948775721e-01
1.798803552682008311e+00
5.753111929479595155e-01
1.137508123510689639e+00
1.642323907283664619e+00
1.982786489143657072e+00
4.901101464731466018e-01
9.863774974587992128e-01
1.272983286397493696e+00
1.083576344336871555e+00
1.223742313909116586e+00
1.844686807418639996e+00
1.310743030444418533e+00
1.540234290380096960e+00
2.625435336854909929e-01
1.011122960790521663e+00
6.527636599956674335e-01
1.818893950275791260e+00
3.688762180900365450e+00
3.441099131826593771e-01
3.829507923548088888e-01
2.729392944627999640e-01
2.435193547850916795e-01
1.984882771493333697e-01
2.015600473247984026e-01
-1.241422915798583215e+00
1.201503057773698757e-01
7.424688807048995809e-01
1.373808135176379508e-01
1.738791221610525572e-01
3.302227924878315540e-02
1.979643731983902200e-01
-8.911578327309829239e-01
3.002522870807979305e-01
3.318151672193969670e-01
3.679325457000660049e-01
1.911556214695436240e-01
2.319114828949509766e-01
2.235603472697952621e-01
-1.254073783139460163e+00
3.369502257919835264e-01
4.292376397661832876e-01
2.338121344421669467e-01
2.804882438220778762e-01
1.470487077370461471e-01
1.994484344538263176e-01
-1.219588148006008455e+00
4.439296129043813210e-01
2.529716218694553209e-01
3.030987652264309218e-01
2.168595757445937744e-01
2.457366149540532729e-01
1.508386795755465026e-01
-1.214142645514833418e+00
4.012334405360798439e-01
3.441099131826593771e-01
2.546566462816419740e-01
2.841109129993961147e-01
2.047111362918341559e-01
1.578967189349965161e-01
-1.246367760077198739e+00
4.056203029445619723e-01
3.605675626136244372e-01
2.338121344421669467e-01
2.783019779708214014e-01
1.764343203747449074e-01
1.700628218161348570e-01
-1.215213100098083476e+00
1.170923117974324024e-01
9.927478125092616124e-02
1.700344530928587838e+00
4.941007501364894083e-02
1.828791269516230958e-02
1.497272722222974695e+00
1.346182829444297235e+00
1.006387288372134314e+00
5.970105183097333956e+00
2.098155989513292852e+00
8.815050574061422672e-02
1.877155854759960524e-02
7.810234790288447804e-02
2.202846144873439882e-01
6.373164919764710001e-01
6.146373164919764764e-02
1.751536027918462191e-01
2.874841993253628436e-01
4.251196804395181439e-01
1.717092607094710885e-02
3.408724521504123750e+00
6.558681364832959382e+00
3.649988986435914295e+00
6.201663028444785120e+00
2.765991457566261857e+00
2.128256015980539040e+00
5.876484421689330162e+00
1.095122808235165168e+00
1.718497085117935974e+00
6.455035507906337067e+00
2.959622569195770492e+00
2.935922580859954278e-01
3.438536268350827303e-04
1.947320157970941823e+00
9.310859675731820995e-02
8.786334172068316350e-01
6.954747462964854243e-01
3.130588808718454796e+00
7.011794181400090586e+00
8.054432678675651047e+00
4.933801289096966691e+00
6.040109247388064873e+00
4.327313445282742421e+00
3.508970008831262977e+00
3.917333764310646060e+00
3.344398816968547017e+00
2.570126569462304111e+00
2.800842652263803245e+00
4.629009297628783770e+00
1.366848119511437087e-01
2.336169202313249205e+00
5.789988502106340196e-01
1.338633250570758992e+00
2.671337096532309552e+00
