1.777090092338407867e+00
3.753015556110140816e-01
1.409425172614591215e+00
1.884210964146077805e+00
7.694700940021629298e-01
1.822859995008734746e+00
5.697113384909741063e-01
1.119973379918475898e+00
1.618342899925131029e+00
1.998668995923799985e+00
4.834872306796439423e-01
9.696947009400216366e-01
1.290491639630646281e+00
1.096389651443307578e+00
1.224873138673987283e+00
1.830222111305215948e+00
1.292271857582563799e+00
1.540778637384577099e+00
2.607187422011479905e-01
1.014482988104151051e+00
6.515348140753680628e-01
1.823328316279820172e+00
3.681014970597872971e+00
3.435687546793774194e-01
3.837494384827462857e-01
2.726818068381510751e-01
2.441138008486449795e-01
1.984227601698454468e-01
2.013899010067164985e-01
-1.243785162631817265e+00
1.192386656685114205e-01
7.428533399880455912e-01
1.379079943433509647e-01
1.724961317695245244e-01
3.263422344228827238e-02
1.993508027619783629e-01
-8.921832060564075517e-01
2.999151484902378706e-01
3.329300390982981583e-01
3.671548124117102185e-01
1.908416937028345195e-01
2.313078778805247038e-01
2.247969386907540390e-01
-1.255188033441158035e+00
3.379585724981719608e-01
4.300886781467070930e-01
2.319527493554429942e-01
2.818700607271690250e-01
1.464054571168413310e-01
1.974987105899451978e-01
-1.216857665751431838e+00
4.444908077531766200e-01
2.515547791366434249e-01
3.039544131104423563e-01
2.155947092589491909e-01
2.464250894269749970e-01
1.503156143417070378e-01
-1.214455141834949847e+00
4.028876133434824980e-01
3.435687546793774194e-01
2.535436319774996838e-01
2.850677980202379058e-01
2.053612844190814135e-01
1.574687629982214343e-01
-1.246822465684946257e+00
4.076196655853179807e-01
3.604275850595765607e-01
2.319527493554429942e-01
2.796968638217576242e-01
1.754173529657893083e-01
1.684868147410088224e-01
-1.211585640129461128e+00
1.171370031838505771e-01
9.915848884807089425e-02
1.944895166510976825e+00
5.126794886267714568e-02
1.958004424881917144e-02
1.564572183863276233e+00
1.353698620007629971e+00
1.006355923488067017e+00
5.965445102023821278e+00
2.099983034157031803e+00
9.030862657016887340e-02
1.910822726894600976e-02
7.908659845270776811e-02
2.161051493220197961e-01
6.391148822893270021e-01
6.281507362116296733e-02
1.751708319963607430e-01
2.883893662281481474e-01
4.225438815406175608e-01
1.861649520744539099e-02
3.348727487480259946e+00
6.543274374343856614e+00
3.679834241161425989e+00
6.181981532318443051e+00
2.764174150902729110e+00
2.057215126944544448e+00
5.679385260294307791e+00
1.084269872556399061e+00
1.714109982697199719e+00
6.430377855668869991e+00
2.970287330505088530e+00
2.938451875883663078e-01
3.712669495050297560e-04
1.911786041094654109e+00
9.496739040019022693e-02
8.760832709425024900e-01
6.970747857915020607e-01
3.154268613260187593e+00
7.001289797104962354e+00
8.091066092088931683e+00
4.907673016304716640e+00
6.052238971799436484e+00
4.311245644370077734e+00
3.477687868396652338e+00
3.880094715082717638e+00
3.324490861993139479e+00
2.563957095915534445e+00
2.790159698361263096e+00
4.645871192330075949e+00
1.182978205640114883e-01
2.322900757008920625e+00
5.806363863237946621e-01
1.318433175276616076e+00
2.640749929290390430e+00
