1.763057526398188024e+00
3.829402751407348093e-01
1.405507811198827506e+00
1.895314946204323725e+00
7.825855234669064631e-01
1.810899037340528261e+00
5.714832950268146083e-01
1.134805636054761591e+00
1.626028446753938983e+00
1.987592018920089298e+00
4.795726324905899007e-01
9.749925052463275232e-01
1.293661103893940956e+00
1.079869091635854872e+00
1.214508177609006978e+00
1.840844742013923563e+00
1.293386296259285251e+00
1.534059491689151011e+00
2.649728523366976507e-01
1.015780620232503928e+00
6.481379700876053196e-01
1.838966434329283750e+00
3.683507815128002516e+00
3.432207454782419953e-01
3.833553179441819836e-01
2.734239365778458608e-01
2.425135738317835965e-01
1.984420905367675347e-01
2.006455481164618748e-01
-1.242125231504359384e+00
1.191159521669114679e-01
7.427444122444525343e-01
1.381396355885394778e-01
1.724945871224652649e-01
3.240964658070609461e-02
1.991525931849162379e-01
-8.920334640755122058e-01
3.005389560641895108e-01
3.325851903667931819e-01
3.668758535692767109e-01
1.898164618102133605e-01
2.316078744880069873e-01
2.233872955599053578e-01
-1.252199039838482353e+00
3.372279404417327653e-01
4.303747376837561145e-01
2.323973218748340563e-01
2.810149561974387145e-01
1.458868791846977819e-01
1.985563438927475943e-01
-1.217820149228660220e+00
4.429456047434275345e-01
2.529189567304158670e-01
3.041354385264181115e-01
2.158735551781945927e-01
2.464448219580996913e-01
1.509413410613942574e-01
-1.217867755904001204e+00
4.028053695747930152e-01
3.432207454782419953e-01
2.539738849473346938e-01
2.837923453583617306e-01
2.047283568170463475e-01
1.571633190101616728e-01
-1.245887880983105100e+00
4.073991539256721639e-01
3.602035241998271520e-01
2.323973218748340563e-01
2.786725958496847344e-01
1.754495186704081999e-01
1.689937044070474459e-01
-1.213141761599910939e+00
1.169792877616320226e-01
9.907621646607296662e-02
1.963854759666392447e+00
5.100727769286347163e-02
1.978350502355064044e-02
1.564580719422177024e+00
1.350080869317453081e+00
1.006345465986310472e+00
5.963452749741823489e+00
2.098022252790321840e+00
8.991206155691015833e-02
1.923653442590186891e-02
7.931114886246294626e-02
2.164068485393557950e-01
6.397938109989673716e-01
6.361380367076380216e-02
1.753058573284130561e-01
2.879389189472125743e-01
4.224007480477740550e-01
1.904500183203489475e-02
3.367411276606203874e+00
6.542043688001095703e+00
3.662991570650699469e+00
6.204740015322607327e+00
2.774421528263725012e+00
2.084317374338002793e+00
5.773562112187879514e+00
1.090228839645616121e+00
1.719596675827165688e+00
6.488005810349025460e+00
2.945361163852108444e+00
2.935519303154243143e-01
3.646614036840862237e-04
1.928002065220910666e+00
9.508477399159645516e-02
8.784861430331994958e-01
6.984236034775394009e-01
3.159410079610997624e+00
7.027333050364690692e+00
8.073966912744566571e+00
4.898731146863847030e+00
6.053151322490966990e+00
4.311915134986580966e+00
3.472418863628463193e+00
3.880800964492317817e+00
3.327831392859926130e+00
2.564800474001584618e+00
2.790705110089658270e+00
4.644478744212389820e+00
1.088511352886298578e-01
2.328058692249125539e+00
5.753522534224492224e-01
1.302765580760156583e+00
2.642766679990677492e+00
