1.762237176210309286e+00
3.775276755859849898e-01
1.399643003796227303e+00
1.876911731431588404e+00
7.811680312413579186e-01
1.827041205406900293e+00
5.849709626327213030e-01
1.112051554944732734e+00
1.622405282873400356e+00
1.989977289678116712e+00
4.895038087975261409e-01
9.837256660158050225e-01
1.296340369901700429e+00
1.089911086156759801e+00
1.214532929966730679e+00
1.824786933603734118e+00
1.305541821351054566e+00
1.539282152703869144e+00
2.639006444368091620e-01
1.018444803861592751e+00
6.400958694030788321e-01
1.817436111925843534e+00
3.681888904010660823e+00
3.429771472149127920e-01
3.839914857244264290e-01
2.730313670609361143e-01
2.436983465881362443e-01
1.982482045438849483e-01
2.019090078691432311e-01
-1.241839330757470883e+00
1.189883431522239382e-01
7.437260012231923234e-01
1.372856556244823889e-01
1.718593133271387741e-01
3.220709131893778610e-02
1.985059792675471502e-01
-8.891293960398461982e-01
2.998104400440087525e-01
3.330191319797080052e-01
3.671704279765368728e-01
1.908193314283869180e-01
2.313640439458789777e-01
2.242871389185789877e-01
-1.253887565469967491e+00
3.374445440756724257e-01
4.297996295956194590e-01
2.327558263290360197e-01
2.810709886114260980e-01
1.458642911615360971e-01
1.982200470968342176e-01
-1.215647953137794612e+00
4.437184590502611381e-01
2.520265819709851529e-01
3.042549589790120024e-01
2.162455061218825636e-01
2.456036671724082798e-01
1.502695907953340293e-01
-1.210084490777352695e+00
4.025656797594839853e-01
3.429771472149127920e-01
2.544571730259616582e-01
2.842836192376770321e-01
2.062124043612021951e-01
1.576629318943094660e-01
-1.245342797643386623e+00
4.074121127304414780e-01
3.598320609408606208e-01
2.327558263290360197e-01
2.792213125058782830e-01
1.752097143193830087e-01
1.688746239390022941e-01
-1.209873764968859788e+00
1.169137151871931235e-01
9.920518709312201033e-02
1.925430700624454650e+00
5.199253364351300033e-02
1.976014702604448822e-02
1.550149400210796058e+00
1.353778209823299550e+00
1.006318757385044060e+00
5.966984686993813902e+00
2.098544544657586997e+00
9.008707020087321216e-02
1.898951637908639217e-02
7.901683580688684261e-02
2.172900133245062038e-01
6.338526259333439050e-01
6.156089466935950327e-02
1.756033439362446047e-01
2.881505274134063543e-01
4.222671294129016761e-01
1.803510555782181571e-02
3.338423586303480572e+00
6.527555157420839471e+00
3.667489527608625455e+00
6.259568084874590710e+00
2.758252667415419523e+00
2.061468028727380108e+00
5.666420895088017495e+00
1.091064708159824814e+00
1.734944965348154344e+00
6.406892464111336061e+00
2.940859053541171608e+00
2.945739929103362575e-01
3.754326274417752189e-04
1.925839904800916047e+00
9.529619790668453216e-02
8.763043350736058335e-01
6.993894191688190265e-01
3.166031727409133190e+00
7.030561435778309942e+00
8.076597362669598823e+00
4.892876143686695656e+00
6.067328577713827720e+00
4.305619939911757399e+00
3.465534382253722345e+00
3.858156571747759500e+00
3.310913963832659235e+00
2.567478476062029724e+00
2.784705682943828364e+00
4.647808277702824675e+00
1.333563459846318633e-01
2.323028769201493926e+00
5.815501680227116443e-01
1.328688416059828015e+00
2.698272062952005168e+00
