1.748043138663570195e+00
3.796269224021986965e-01
1.396610056220605411e+00
1.908844094330323315e+00
7.862698087831121452e-01
1.800479504122565855e+00
5.859557085216403616e-01
1.133726515575530280e+00
1.632845197022730455e+00
1.988663987903798391e+00
4.834053146432539250e-01
9.859239643462788250e-01
1.280543326622503253e+00
1.082977603648909382e+00
1.214014218049069838e+00
1.837010366979374698e+00
1.297559875362342963e+00
1.534170934030591349e+00
2.623739630932192535e-01
1.015930563793261854e+00
6.450249358851195547e-01
1.829850551763877897e+00
3.684217337352286403e+00
3.442736013767717651e-01
3.822603523604192755e-01
2.734660462630802980e-01
2.430350773139048348e-01
1.985631583785206489e-01
2.008811514783317431e-01
-1.240943923078555500e+00
1.194456464535193357e-01
7.422035469936028029e-01
1.383508065527826458e-01
1.727367656027950227e-01
3.268814689197377388e-02
1.989691496739307286e-01
-8.949376469215797325e-01
3.004622954381254152e-01
3.310048702248592489e-01
3.685328343372822890e-01
1.897219043165205843e-01
2.323369560678801016e-01
2.234071524640617867e-01
-1.251004724869533069e+00
3.358607266075132047e-01
4.307844988180887236e-01
2.333547745747359958e-01
2.806465787298429437e-01
1.457321626973801243e-01
1.996772118590963985e-01
-1.217841345952885179e+00
4.441100353363660602e-01
2.528236443985347748e-01
3.030663202653715027e-01
2.168357740150371193e-01
2.457730959761388057e-01
1.507570985825050225e-01
-1.216205130861011785e+00
4.017445930481918781e-01
3.442736013767717651e-01
2.539818055754061166e-01
2.838353646822124876e-01
2.040482177317823609e-01
1.577628710101818821e-01
-1.246470848822343935e+00
4.053143091048236890e-01
3.613309163207802932e-01
2.333547745747359958e-01
2.787957262316647644e-01
1.750734710586485110e-01
1.703359034978405295e-01
-1.213156197214671606e+00
1.169236006642932063e-01
9.915973477037275108e-02
1.950683601778746779e+00
5.101019374233504294e-02
1.995493320547747987e-02
1.557195671282369132e+00
1.347633991514524121e+00
1.006390262787474565e+00
5.964699259740147141e+00
2.096536442357011421e+00
8.844094330323205855e-02
1.863717242934832471e-02
8.005379802350739982e-02
2.180908384639160535e-01
6.370972457751008511e-01
6.285346721578520535e-02
1.743423525775139593e-01
2.869136427157268354e-01
4.245091288371746763e-01
1.888778434008138787e-02
3.383820740474245969e+00
6.548372482059976463e+00
3.652918101865443745e+00
6.226803779227614299e+00
2.769829165378955071e+00
2.113641402090232102e+00
5.841342074481564950e+00
1.097302725070410823e+00
1.723794732472000435e+00
6.491094792618225640e+00
2.954944155312686060e+00
2.942514639912247598e-01
3.564536743882981457e-04
1.926942451151462121e+00
9.441335928564577318e-02
8.795514046797452412e-01
6.963160049119675454e-01
3.151910581670282152e+00
7.017291681940061920e+00
8.074512308302905339e+00
4.908224150300271482e+00
6.052221549784086108e+00
4.317813104745154895e+00
3.484787175352764610e+00
3.894061145380770306e+00
3.332631930381638075e+00
2.569120294134902061e+00
2.791697940471365325e+00
4.639169074824398109e+00
1.136562739021099860e-01
2.325792977854632682e+00
5.775660571226495232e-01
1.329042537195010976e+00
2.622040306748982808e+00
