1.595429572703655596e+00
7.870591709434440197e-01
1.266116571895537835e+00
1.517732709043452921e+00
9.078844708662106022e-01
1.567018478405118209e+00
9.959002407507369092e-01
1.100507581909342392e+00
1.501799564202358050e+00
1.435781867903094255e+00
7.342547511151569228e-01
1.068160651347292323e+00
1.383008998721676708e+00
1.215513841052235255e+00
1.221959002358106616e+00
1.543162853729159290e+00
1.185294245854718875e+00
1.326178600672724084e+00
5.373978190676036437e-01
2.558448846864263437e+00
8.617684891932742008e-01
1.929416066547496200e+00
3.383277525895348470e-01
1.111547754339851646e-01
1.303802438581530276e-01
9.337770009780270442e-02
9.807743927675495466e-02
1.004243911854525717e-01
9.899227249425958386e-02
1.273775458766975566e-01
7.551370486177057251e-02
1.074381505479992394e-01
8.103353288302234114e-02
1.044706153377992497e-01
4.080058321764186424e-02
1.085027821520912622e-01
2.468322342239677447e-01
9.590025124558076985e-02
1.286605662208802625e-01
1.119617556990629148e-01
9.723376406068072464e-02
1.073343303376160102e-01
9.678237486314927862e-02
1.127646302069800904e-01
1.134264420216668373e-01
1.108485827043731581e-01
9.760544750057213725e-02
1.116385458851976153e-01
8.611934828216591398e-02
9.915196729927555630e-02
1.264896153818076130e-01
1.292493593585374301e-01
9.822567516917778130e-02
1.129416240494402063e-01
9.989708838295706383e-02
1.009457717163193269e-01
9.228081544485212950e-02
1.275019811870083120e-01
1.064276073561485902e-01
1.111547754339851646e-01
1.087835931643852116e-01
1.111245126989115345e-01
1.014184089441115821e-01
8.616575363171663504e-02
1.157343742606467829e-01
1.252574080516909716e-01
1.123628086528949688e-01
9.760544750057213725e-02
1.113721425534071746e-01
9.434246979521644649e-02
9.447445262147573242e-02
1.320116751819022383e-01
6.054218116624462964e-02
5.836658942925929822e-02
2.177213319670050851e+01
1.241161562552409725e-01
6.122522876115620710e-02
4.008572329416775659e+00
6.622982903163195934e-01
2.553938863132098822e-02
7.912511688613139693e-01
1.536019869614216327e-01
3.645894235727041299e-01
1.377790812361304185e-01
3.064413006801269823e-01
5.139475272654504545e-01
9.333412502046846138e-01
2.715213519970590683e-01
1.980865085146482907e-01
3.571161794754381114e-01
3.976414590352306266e-01
1.761680032185847511e-01
1.939464011295049639e+00
4.916223656699012956e+00
2.878959342737864802e+00
8.803427473545463400e+00
2.985491283713964439e+00
2.635019781580325571e+00
4.454269515791966505e+00
1.620009081182891109e+00
2.402754772647277992e+00
4.973689899133465708e+00
3.396336238813531860e+00
4.295938490951456967e-01
1.909679596891894699e-03
2.563081936813242923e+00
1.197535316354793877e-01
1.247153205778273932e+00
7.747824748810494544e-01
2.809605197910549634e+00
2.762026268041364752e+00
1.841752954860390368e+00
2.182445100579383013e+00
2.630142587286961930e+00
1.387500314254289213e+00
2.666775480880300808e+00
2.639001729858762690e+00
2.321645313173779979e+00
1.266916301491952002e+00
9.943111114955568430e-01
1.938319982502469729e+00
1.069111433778388687e+00
3.807467320083691042e+00
1.232509921596835589e+00
4.449988881556967257e+00
1.222877092564236889e+01
