1.580267440298392501e+00
7.802382341690194956e-01
1.264521172232384805e+00
1.533673389551544641e+00
9.150685618491264384e-01
1.541858211197391082e+00
1.011806421464130246e+00
1.095639199045803647e+00
1.507315148835510987e+00
1.437454450565403663e+00
7.380118023773782898e-01
1.074459319412842451e+00
1.354520481271326071e+00
1.226402169325677249e+00
1.226631651222559904e+00
1.545068416875420736e+00
1.193441234832778308e+00
1.325814228821215135e+00
5.345018427436415420e-01
2.557445004661472954e+00
8.549913771753536729e-01
1.912009942942628271e+00
3.366767349321557190e-01
1.114112713149401496e-01
1.300860950405934302e-01
9.275756774576980612e-02
9.820209117633868501e-02
1.010532247229783964e-01
9.854767746496187475e-02
1.295263398067827143e-01
7.547318509395596620e-02
1.080213733938905074e-01
8.138338436160184874e-02
1.040528398343048277e-01
4.126724447160380616e-02
1.084884528487088939e-01
2.481264898363695626e-01
9.498905781078983979e-02
1.281351264966981429e-01
1.125965241110715442e-01
9.713724336824708372e-02
1.077279789777176450e-01
9.702219925486627039e-02
1.135812807176881933e-01
1.138550372220272222e-01
1.111578966517814543e-01
9.756833044744335492e-02
1.104667901809338049e-01
8.549471440946883327e-02
9.917185416684945465e-02
1.243837982515484664e-01
1.293186566165755169e-01
9.722294843796870645e-02
1.118605501584605116e-01
9.905057977980301354e-02
1.006877669901126982e-01
9.222703377641987277e-02
1.323336330349107470e-01
1.060069903912127520e-01
1.114112713149401496e-01
1.092678297329428977e-01
1.113334511955375861e-01
1.015815290029235263e-01
8.598577440496427138e-02
1.170976428511777134e-01
1.247214293119581624e-01
1.119883992902850206e-01
9.756833044744335492e-02
1.102593165807659037e-01
9.339537724524693552e-02
9.442259050055605563e-02
1.303382182956243363e-01
6.065423228625115015e-02
5.840074625913081741e-02
2.179411208047934423e+01
1.233977383672425349e-01
6.150730241262920839e-02
4.006169305596933405e+00
6.599846957946411408e-01
2.554191525050824793e-02
7.904873119284860916e-01
1.516519332632345896e-01
3.614433292185724733e-01
1.356715904608917500e-01
3.082163562193435125e-01
5.141721807789708665e-01
9.276894983318616505e-01
2.698522255819799098e-01
1.976947923961598352e-01
3.566861680496643539e-01
3.978924453780655068e-01
1.763367059682301452e-01
1.939364633937182392e+00
4.894220599637893798e+00
2.861922341803173175e+00
8.895572739300149578e+00
2.982746834536559533e+00
2.665619556759148967e+00
4.465593368005374764e+00
1.664490389990245012e+00
2.422798311708567187e+00
4.939493184366919643e+00
3.393506938846105214e+00
4.307328224121532712e-01
1.887976224251633299e-03
2.563736012659518781e+00
1.190307451675506056e-01
1.249512943480631355e+00
7.717035894810618801e-01
2.804403326303225974e+00
2.755711225335433223e+00
1.841150236696313502e+00
2.167731019545530824e+00
2.620734749359638460e+00
1.385250857908495892e+00
2.665413107541566351e+00
2.634222429888880779e+00
2.324524077929803756e+00
1.264132552594398495e+00
9.957340190688346304e-01
1.934123944755039792e+00
1.071532572526383786e+00
3.790966840695625173e+00
1.233910066021401075e+00
4.595392557902881592e+00
1.226352928306544143e+01
