1.588662159403951391e+00
7.898469634697329322e-01
1.268358138865892437e+00
1.519885203322096645e+00
9.081300135504164484e-01
1.563676101633119542e+00
1.015400221425831084e+00
1.090499520920237719e+00
1.500134320751705497e+00
1.438018229316276653e+00
7.259518152746963215e-01
1.078326737598875651e+00
1.405758434190550243e+00
1.232230990939981119e+00
1.216721389408076170e+00
1.546266920900584374e+00
1.196356715738360554e+00
1.329549557080178523e+00
5.317915090233421571e-01
2.561047094839953964e+00
8.655290801890804797e-01
1.936470376484522582e+00
3.352695253736556191e-01
1.100133861118971906e-01
1.294046213575922588e-01
9.270045477044805415e-02
9.879040522819816650e-02
1.003254851249771457e-01
9.811109481238937391e-02
1.291236481944916248e-01
7.564295730741504853e-02
1.066061275093548033e-01
8.056324153197852445e-02
1.043203836880516600e-01
4.039390084609034010e-02
1.092391266258711247e-01
2.486177850962990599e-01
9.520875883460576394e-02
1.281706739257613692e-01
1.115528666607873004e-01
9.647808368615690133e-02
1.070634651927520331e-01
9.757336909616524945e-02
1.139575098357723110e-01
1.138170420514255515e-01
1.119663968644145774e-01
9.911129739560722851e-02
1.119249179249385412e-01
8.572868729223497020e-02
9.961063307907178088e-02
1.321938581068345664e-01
1.297063986309347772e-01
9.776057684336462994e-02
1.137608807660771826e-01
1.000088956669920037e-01
1.018813769242113559e-01
9.245695071833157086e-02
1.326263613702612087e-01
1.055385056864792809e-01
1.100133861118971906e-01
1.085221895287883237e-01
1.112677592661476117e-01
1.019162172485841844e-01
8.606532872516223232e-02
1.163046163137202715e-01
1.258795113926845233e-01
1.125498000322314729e-01
9.911129739560722851e-02
1.115189265094509025e-01
9.420763213089058952e-02
9.476548628932363050e-02
1.363553392983206380e-01
6.040178991673270797e-02
5.859488627328429677e-02
2.176370867182345492e+01
1.248484290150252141e-01
6.002819214606144177e-02
3.984869416238348894e+00
6.603081205709498969e-01
2.551083164463233133e-02
7.927449520984080067e-01
1.609457700881175013e-01
3.614232810492019610e-01
1.368556793038157859e-01
3.070451914913259195e-01
5.174338872974126868e-01
9.294710721979121404e-01
2.667947882544041693e-01
1.983428403903285675e-01
3.577151358936095371e-01
3.977090353954015334e-01
1.764749066727313298e-01
1.942619515533345220e+00
4.949856627852303959e+00
2.904561118966828115e+00
8.975553966166774700e+00
2.975627859880144666e+00
2.605634152836694639e+00
4.412628729463786925e+00
1.632624277103619903e+00
2.450984560000604162e+00
4.888817625611799222e+00
3.385292809848232665e+00
4.307369605670633428e-01
1.934536529079662831e-03
2.556252623603593399e+00
1.203526843501813576e-01
1.241578493366795710e+00
7.773433991549869582e-01
2.807259444508505286e+00
2.752929767382316761e+00
1.832895623560609089e+00
2.179853971273783220e+00
2.635262278233189370e+00
1.388645118013995150e+00
2.665302814367111583e+00
2.673282212429533455e+00
2.347281210227454284e+00
1.270468214849787447e+00
9.966153423272475775e-01
1.936792926919189251e+00
1.071559801263445966e+00
3.784158825143711713e+00
1.240486058799803004e+00
4.522942919746253843e+00
1.237481081174299291e+01
