1.601378810481860260e+00
7.885024186255266132e-01
1.261225427670066734e+00
1.511052642592523920e+00
9.020751974382253957e-01
1.548125184166733170e+00
9.943382266258439239e-01
1.098487433958377224e+00
1.484406077213055397e+00
1.440398175664520997e+00
7.181887323079348961e-01
1.067332429348548661e+00
1.376065015121046509e+00
1.241082465801035983e+00
1.213051529020174435e+00
1.532918346988891845e+00
1.200036465028085697e+00
1.328484488463610225e+00
5.316514228181415946e-01
2.561258127318647659e+00
8.652159967231651816e-01
1.917888715477183093e+00
3.363546391322362328e-01
1.098037838262441446e-01
1.301485740676808500e-01
9.254911467223941868e-02
9.901514531087844684e-02
1.015317763721669680e-01
9.877057124466170901e-02
1.331834993525795319e-01
7.458593297580738690e-02
1.067581809123251541e-01
8.086622424954041655e-02
1.031643554277485858e-01
4.112220767004744204e-02
1.090440859766952653e-01
2.514151227250058795e-01
9.465376949721629463e-02
1.285930610205429092e-01
1.108354071508521888e-01
9.689874352763051812e-02
1.082077378554053421e-01
9.760161624283833492e-02
1.144263154811551580e-01
1.136037542607736539e-01
1.112885329854801791e-01
9.800070844545299975e-02
1.114748974432206996e-01
8.583468213178817308e-02
9.988631466621258892e-02
1.311860057634964272e-01
1.291287566418613253e-01
9.748020729524659034e-02
1.120703766899380782e-01
9.938827251256492079e-02
1.019298788611124329e-01
9.252911556669150828e-02
1.346679662685985324e-01
1.048417845085145156e-01
1.098037838262441446e-01
1.084938834879155128e-01
1.122942019559397681e-01
1.004735918982068571e-01
8.582294275594196109e-02
1.173682780294301869e-01
1.254232763456779587e-01
1.123385694632746817e-01
9.800070844545299975e-02
1.110837072181104779e-01
9.379185890023782057e-02
9.481640901421331535e-02
1.370600544082771488e-01
6.046009071815349606e-02
5.884559298599585653e-02
2.188475548487278033e+01
1.235693882600296944e-01
6.119312934710218616e-02
4.026831754792442375e+00
6.568239824835707674e-01
2.540759839441315143e-02
7.899601479254916292e-01
1.572829341710216544e-01
3.645741962578992190e-01
1.361889708634773100e-01
2.999094456810170728e-01
5.149089737500293085e-01
9.285218512543960134e-01
2.730109664490694699e-01
1.975452275876594388e-01
3.560070524274306369e-01
3.979852231854554279e-01
1.756144142578701384e-01
1.932786315743005412e+00
4.858162199285550820e+00
2.836441846077648155e+00
8.747459396352905259e+00
2.978008683849042715e+00
2.652693299464211396e+00
4.388515834887193101e+00
1.632958004642463434e+00
2.379477281099680930e+00
4.867171631537726917e+00
3.382066830936854895e+00
4.295064508254460844e-01
1.894756506863207049e-03
2.576892721757716220e+00
1.189218221465270786e-01
1.248681380945550590e+00
7.757174289917019294e-01
2.810336399363117632e+00
2.744628319500888036e+00
1.848727560709624962e+00
2.162069499486823254e+00
2.617672056703442607e+00
1.384744636026105535e+00
2.656584471597400299e+00
2.663588762156114509e+00
2.331806591480613644e+00
1.251979875253507846e+00
9.938998327814904110e-01
1.922313455501815760e+00
1.051300767949246096e+00
3.784706965385004285e+00
1.207306388400885666e+00
4.639243223324363008e+00
1.194194799266240814e+01
